-5.611220826760659162e-05 -2.220446049250313081e-16 -3.225837161070409520e-01 -2.288577445470586173e-03 -2.453077048773329681e-03 -9.473441542776654331e-04 -9.473441542776634815e-04 -2.458154200511710689e-03 9.403954806578300064e-38 -3.088429918456551612e-02 0.000000000000000000e+00 -5.611220826762242098e-05 0.000000000000000000e+00 -2.288577445470589208e-03 -2.453077048773337921e-03 -9.473441542776635900e-04 -9.473441542776635900e-04 -8.195392077995786173e-03 -2.646483760796684154e-02 -9.473441542776635900e-04 -9.456137200855816438e-01
-8.453457007556051592e-05 -5.551115123125782702e-17 -9.448810333151347329e-01 -7.612176265117709048e-03 -1.447732551630762088e-03 2.959848694231027866e-03 2.959848694231014855e-03 3.927814041596675715e-04 -1.009741958682895111e-28 -4.123053688160865232e-02 0.000000000000000000e+00 -8.453457007552914182e-05 0.000000000000000000e+00 -7.612176265117788845e-03 -1.447732551630710046e-03 2.959848694231017024e-03 2.959848694231017024e-03 -8.798861943236431504e-03 -1.337808113943650401e-02 2.959848694231017024e-03 3.241595722454621020e-01
2.156702847100097728e-04 1.561251128379126385e-17 1.224935466631958854e-02 -7.068862124492433230e-01 -1.712472388070887313e-03 -1.563328920272899231e-03 -1.563328920272990738e-03 -4.701786122263502607e-03 6.938893903907228378e-18 -2.079158793588166756e-02 0.000000000000000000e+00 2.156702847100429223e-04 0.000000000000000000e+00 -7.068862124492381049e-01 -1.712472388070921357e-03 -1.563328920272928722e-03 -1.563328920272928722e-03 -7.312322400144070662e-04 7.776143091943743535e-04 -1.563328920272928722e-03 -6.453747822547130364e-05
-7.403263236154527399e-05 2.623769257414920730e-17 -5.407592817119309669e-02 -1.387121056236511642e-02 2.473077195324218519e-02 6.298889755439981628e-03 6.298889755439967750e-03 5.761182362546601876e-02 5.551115123125782702e-17 9.023705928171207313e-01 0.000000000000000000e+00 -7.403263236188643175e-05 0.000000000000000000e+00 -1.387121056236493774e-02 2.473077195324215397e-02 6.298889755439906167e-03 6.298889755439906167e-03 1.294884409971712169e-01 4.004416298361096471e-01 6.298889755439906167e-03 -2.359651631103799191e-02
2.854861803798182732e-03 5.551115123125782702e-16 -5.127783489118440535e-04 -6.397817327957737443e-03 -9.716871914153012157e-03 -1.956440622302712401e-02 -1.956440622302706850e-02 7.909479188227873034e-03 -3.469446951953614189e-18 4.087531039463170313e-01 0.000000000000000000e+00 2.854861803799104304e-03 0.000000000000000000e+00 -6.397817327957619482e-03 -9.716871914152590620e-03 -1.956440622302700605e-02 -1.956440622302700605e-02 -2.569498406506601565e-02 -9.109531850674373876e-01 -1.956440622302700605e-02 1.270078194925533879e-02
3.403124235879957660e-02 1.804112415015879378e-16 -3.554497765076800736e-03 1.111984139326705444e-03 -1.037595781608417755e-01 1.233919727707531722e-02 1.233919727707536752e-02 8.544063097501494036e-03 0.000000000000000000e+00 -1.036498916219838889e-01 0.000000000000000000e+00 3.403124235879997905e-02 0.000000000000000000e+00 1.111984139326641693e-03 -1.037595781608421086e-01 1.233919727707556008e-02 1.233919727707556008e-02 9.794024847852240701e-01 -7.299155273001656230e-02 1.233919727707556008e-02 -1.402685602842630719e-03
-6.224949432555302361e-04 5.941427905220564298e-16 6.022547009355171642e-03 -3.092262324254262031e-03 2.018556946425374421e-01 4.235289482151824991e-01 4.235289482151808893e-01 1.356151010073065599e-01 4.163336342344337027e-17 -1.169954363369761323e-02 0.000000000000000000e+00 -6.224949432562049351e-04 0.000000000000000000e+00 -3.092262324255052198e-03 2.018556946425386633e-01 4.235289482151812779e-01 4.235289482151812779e-01 9.700341155768526027e-03 -5.414852672461334393e-02 4.235289482151812779e-01 -3.747325322420288519e-03
7.634210029746064767e-03 1.353084311261909534e-16 -3.666225605990655612e-03 -1.944215533954349599e-04 6.681804979227478070e-01 -1.227390421729432773e-01 -1.227390421729440545e-01 -9.483907247505848903e-02 1.110223024625156540e-16 -3.716440934661490586e-02 0.000000000000000000e+00 7.634210029746877485e-03 0.000000000000000000e+00 -1.944215533955367665e-04 6.681804979227501384e-01 -1.227390421729437492e-01 -1.227390421729437492e-01 1.439741510126433532e-01 -2.259273536231988511e-02 -1.227390421729437492e-01 -7.563382507180076153e-04
-3.768119242063813767e-02 2.696627643405946628e-15 1.640631435063337820e-03 -2.125029545345535724e-03 3.613821094795350436e-02 -7.046215889055258697e-02 -7.046215889055189308e-02 9.830043024778514216e-01 -1.387778780781445676e-16 -5.744711348321260985e-02 0.000000000000000000e+00 -3.768119242063518864e-02 0.000000000000000000e+00 -2.125029545345688813e-03 3.613821094795573174e-02 -7.046215889055167103e-02 -7.046215889055167103e-02 -7.242812847852827174e-04 -1.064374510834949217e-02 -7.046215889055167103e-02 -7.543960615665531305e-04
7.052340895712916335e-01 -4.163336342344337027e-16 1.579126368383143575e-04 7.169802583000418200e-05 -7.500682340855387153e-05 -2.577161168301497860e-03 -2.577161168301450589e-03 5.323203295141885893e-02 -6.938893903907228378e-18 7.631988233925096447e-04 0.000000000000000000e+00 7.052340895712915225e-01 0.000000000000000000e+00 7.169802582983157702e-05 -7.500682340833529638e-05 -2.577161168301487885e-03 -2.577161168301487885e-03 -4.873384607661950668e-02 6.876018006050879650e-03 -2.577161168301487885e-03 -5.799465830641503672e-05
2.898281957328873240e-03 3.505439014960659398e-03 -3.339342691255353657e-16 -6.841734415870129871e-01 -1.686823165360547272e-01 -4.536145410632841379e-02 -4.548022238785711518e-02 -2.371895540219381981e-16 -1.370190036324541978e-04 -8.080016690448221794e-17 2.521621319140788381e-16 -2.898281957328662471e-03 0.000000000000000000e+00 6.841734415870177610e-01 1.686823165360542554e-01 3.028055883139553484e-02 3.028055883139553484e-02 1.589982485949992252e-16 -3.969535204012553109e-17 3.028055883139553484e-02 1.062518129035794345e-16
-1.569945303907953615e-01 -8.889769337104236335e-02 0.000000000000000000e+00 -1.730369272293801330e-01 6.493486422180730910e-01 1.155076144639469310e-01 1.022732377054417913e-01 1.560166926206640881e-15 6.605225684285600564e-04 -4.336808689942017736e-17 9.696833180167230282e-15 1.569945303907955281e-01 0.000000000000000000e+00 1.730369272293814653e-01 -6.493486422180702045e-01 -7.259361738979590306e-02 -7.259361738979590306e-02 -1.543903893619358314e-16 1.353084311261909534e-16 -7.259361738979590306e-02 -1.387778780781445676e-17
3.878439820050313958e-01 6.908425771019357509e-01 -5.551115123125782702e-17 -2.573347660011386998e-02 1.529494312750739049e-01 1.987038427470100010e-01 -3.531306514043833777e-01 -4.904117476695057931e-16 4.056423370957358554e-02 -1.491862189340054101e-16 1.310475165883229209e-15 -3.878439820050311182e-01 -2.081668171172168513e-16 2.573347660011386651e-02 -1.529494312750736829e-01 5.147560288579053345e-02 5.147560288579053345e-02 -1.387778780781445676e-17 7.155734338404329264e-17 5.147560288579053345e-02 0.000000000000000000e+00
1.500384907777803645e-01 3.412436654933827529e-01 -2.775557561562891351e-17 -1.584494203462076881e-02 4.842072978549795403e-02 -5.938217052292704690e-01 6.907606602014407793e-01 -5.654656430598148376e-16 -2.077283149813536831e-02 1.734723475976807094e-17 -8.795720228549352981e-14 -1.500384907777801424e-01 -1.734723475976807094e-17 1.584494203462108453e-02 -4.842072978549670503e-02 -3.231298499072312452e-02 -3.231298499072304126e-02 -1.179611963664228824e-16 -1.565587937069068403e-16 -3.231298499072306901e-02 0.000000000000000000e+00
-1.604187684367473221e-01 1.071612959152517044e-02 2.341876692568689577e-17 2.835203381323630686e-02 1.159105048292279616e-01 -6.124644080733818718e-01 -4.284965399514021334e-01 -9.308959852960541070e-16 -4.098998203240136057e-03 2.997819006922419760e-17 -1.350173228428785954e-14 1.604187684367475164e-01 1.734723475976807094e-16 -2.835203381323670238e-02 -1.159105048292272400e-01 3.469869826749287789e-01 3.469869826749286679e-01 -3.112744437205883230e-16 2.480654570646834145e-16 3.469869826749286679e-01 1.734723475976807094e-18
-5.239296394177590521e-01 6.307819218800004846e-01 -5.551115123125782702e-17 1.563284192245330967e-02 -1.028649476003480889e-01 1.310114454758003755e-01 3.411741088273832767e-02 -3.249137070504559688e-15 -6.357114298676480590e-02 -2.428612866367529932e-17 2.021201131810479446e-13 5.239296394177597183e-01 -1.942890293094023946e-16 -1.563284192245335824e-02 1.028649476003466456e-01 -5.504295211951256567e-02 -5.504295211951248240e-02 -3.400058012914541905e-16 9.436895709313830594e-16 -5.504295211951246852e-02 0.000000000000000000e+00
-4.661937332794360844e-02 1.932713197471029598e-02 -1.734723475976807094e-18 1.850964090424227866e-03 -1.175069200771102114e-02 -1.470526286889317635e-02 2.910163400769300024e-02 -4.485344387572531843e-16 9.969275226133149648e-01 1.994931997373328159e-17 -5.244128834522646110e-13 4.661937332794363620e-02 -3.760880495917717781e-15 -1.850964090424225481e-03 1.175069200771082512e-02 -4.798790379599900818e-03 -4.798790379599678774e-03 -3.491130995403324278e-17 7.112366251504909087e-17 -4.798790379600122863e-03 3.469446951953614189e-18
-9.350864568123269437e-14 8.726196780619180499e-14 5.570751464929366757e-19 1.309844568162318906e-15 -1.398282300420724029e-14 9.614283761389985672e-14 -6.264881445344657792e-14 2.675340358151200079e-17 -5.338907771464681604e-13 -2.443973093182154044e-18 -9.999992364632663833e-01 9.350875286532801491e-14 -1.233573232383432987e-03 -1.310502637652767661e-15 1.403797614787901895e-14 -5.966226543674317491e-05 3.374179248560955961e-05 2.769907314750472813e-18 -5.608100968837995637e-18 2.592047291782946565e-05 -3.785256678091023768e-19
-3.186150190627140258e-16 1.285849574369075021e-16 2.124711824130292323e-19 3.109520495083186811e-17 -4.808568451218623590e-17 2.414362729453834187e-17 -1.813259197053149938e-16 4.424278362618221028e-18 3.007209277724892353e-15 5.072725899417171967e-19 -1.178521528893729025e-03 3.185535160657483491e-16 9.342352742928207165e-01 -3.200255887027734255e-17 5.966571715866874690e-17 2.912022161949454069e-01 -1.471770647519231590e-01 8.643548824752945449e-19 -8.540176262106960947e-19 -1.440251514430220536e-01 -1.696922891596957832e-19
8.436885380826734965e-17 4.152015238299822559e-17 6.398432094038368585e-19 9.871349331240789709e-18 2.099622188599976393e-17 2.776572312640322233e-17 1.468139073991924570e-17 -9.773018676849084656e-20 -1.577007806207738711e-15 -7.816018126888181007e-19 3.709755336380185444e-04 -8.485129626540141370e-17 -3.562317089659589042e-01 -1.004384451041334711e-17 -6.469805097601203734e-18 7.616313223283338596e-01 -4.193865386297958575e-01 1.454968758987014473e-18 -4.193693419899061729e-18 -3.422447836985378911e-01 -2.837976933408427151e-19
-1.132617249906644263e-17 -4.788061188720526847e-18 -3.053010471451689415e-19 4.506309033700851899e-18 -9.929283005694289912e-20 -2.243858013142528751e-17 -4.939252900969919213e-17 3.989253146955845567e-18 9.728113080053228103e-17 -1.151616522812821552e-18 -2.317421891698099416e-05 1.068166715550529204e-17 1.737527240913105953e-02 -4.147138768822352184e-18 -4.519975965329437636e-18 -4.225708507016784354e-02 -6.849237244798032087e-01 -1.563325285226132278e-19 -1.404739212420117690e-18 7.271808095499711078e-01 2.902201753999825393e-19
